6.4756 1 1 1
7.3477 1 1 1
5.8651 1 1 1
7.4578 1 1 1
5.3296 1 1 1
6.3261 1 1 1
6.8152 1 1 1
6.8516 1 1 1
6.8712 1 1 1
6.9404 1 1 1
3.3846 0 2 1
3.6058 0 2 1
3.6626 0 2 1
3.3846 0 2 1
3.2322 0 2 1
3.5452 1 1 2
3.4619 1 1 2
3.6051 1 1 2
3.689 1 1 2
3.2243 1 1 2
3.4582 1 1 2
3.3262 1 1 2
4.2893 1 1 2
3.4935 1 1 2
3.4947 1 1 2
3.5275 1 1 2
3.8753 1 1 2
2.8844 1 1 2
3.089 1 1 2
3.7997 1 1 2
1.3251 0 2 2
1.1873 0 2 2
1.4043 0 2 2
5.7558 0 2 2
5.8411 0 2 2
7.2356 0 2 2
7.4229 0 2 2
6.5275 0 2 2
7.4229 0 2 2
7.2356 0 2 2
0 0 -1 -1
0 0 -1 -1
0 0 -1 -1
0 0 -1 -1
0 0 -1 -1
0 0 -1 -1
0 0 -1 -1
0 0 -1 -1
0 0 -1 -1
0 0 -1 -1
