6.4756 0 1 1
7.3477 0 1 1
5.8651 0 1 1
7.4578 0 1 1
5.3296 0 1 1
6.3261 0 1 1
6.8152 0 1 1
6.8516 0 1 1
6.8712 0 1 1
6.9404 0 1 1
3.3846 0 2 1
3.6058 0 2 1
3.6626 0 2 1
3.3846 0 2 1
3.2322 0 2 1
3.5452 1 1 2
3.4619 1 1 2
3.6051 1 1 2
3.689 1 1 2
3.2243 1 1 2
3.4582 1 1 2
3.3262 1 1 2
4.2893 1 1 2
3.4935 1 1 2
3.4947 1 1 2
3.5275 1 1 2
3.8753 1 1 2
2.8844 1 1 2
3.089 1 1 2
3.7997 1 1 2
1.3251 1 2 2
1.1873 1 2 2
1.4043 1 2 2
5.7558 1 2 2
5.8411 1 2 2
7.2356 1 2 2
7.4229 1 2 2
6.5275 1 2 2
7.4229 1 2 2
7.2356 1 2 2
0 0 -1 -1
0 0 -1 -1
0 0 -1 -1
0 0 -1 -1
0 0 -1 -1
0 0 -1 -1
0 0 -1 -1
0 0 -1 -1
0 0 -1 -1
0 0 -1 -1
